"segm_mAP", "segm_mAP_50", "segm_mAP_75", "segm_mAP_s", "segm_mAP_m", "segm_mAP_l", 


mask_rcnn_r50
0.437 0.641 0.502 0.244 0.518 0.663
mask_rcnn_r101
0.451 0.653 0.521 0.249 0.523 0.687


cascade_mask_rcnn_r50
0.445 0.649 0.510 0.256 0.539 0.665
cascade_mask_rcnn_r101
0.453 0.653 0.514 0.261 0.547 0.668


instaboost r50
0.461 0.680 0.528 0.255 0.528 0.679
instaboost r101
0.478 0.695 0.550 0.261 0.540 0.697


queryinst_r50_fpn_mstrain_480-800_3x_coco
0.459 0.698 0.513 0.278 0.527 0.642
queryinst_r101_fpn_mstrain_480-800_3x_coco
0.466 0.713 0.527 0.290 0.527 0.639


solov2_r50_fpn_3x_coco
0.282 0.450 0.298 0.103 0.371 0.535
solov2_r101_fpn_3x_coco
0.302 0.480 0.320 0.110 0.374 0.573


mask2former_r50_lsj_8x2_50e_coco
0.475 0.702 0.548 0.310 0.532 0.639
mask2former_r101_lsj_8x2_50e_coco
0.478 0.718 0.555 0.322 0.543 0.637


1_1
0.443 0.650 0.507 0.245 0.536 0.664
0.474 0.691 0.555 0.254 0.584 0.689

1_2
0.414 0.620 0.467 0.229 0.522 0.614
0.439 0.664 0.510 0.223 0.537 0.654

1_4
0.350 0.527 0.395 0.181 0.467 0.529
0.374 0.588 0.411 0.195 0.496 0.571

1_8
0.317 0.504 0.356 0.148 0.427 0.492
0.337 0.539 0.376 0.158 0.453 0.505

